0 0.653125 0.8421875 0.13515625 0.140625
0 0.4265625 0.71171875 0.221875 0.10703125
0 0.56796875 0.646875 0.12734375 0.09296875
0 0.54453125 0.571875 0.10234375 0.0390625
0 0.42734375 0.6140625 0.0875 0.05
0 0.07578125 0.665625 0.15078125 0.09296875
0 0.12421875 0.58359375 0.11171875 0.0640625
0 0.1734375 0.5359375 0.103125 0.046875
0 0.24296875 0.47578125 0.084375 0.034375
0 0.3078125 0.446875 0.08046875 0.03203125
0 0.42109375 0.509375 0.11171875 0.046875
0 0.52890625 0.43359375 0.10546875 0.0390625
0 0.62265625 0.4875 0.153125 0.04140625
0 0.73984375 0.515625 0.11484375 0.0375
0 0.50859375 0.39140625 0.06484375 0.021875
0 0.27890625 0.40234375 0.1 0.034375
0 0.346875 0.3796875 0.06640625 0.03203125
0 0.40234375 0.35078125 0.10390625 0.0375
0 0.421875 0.33046875 0.05625 0.01953125