0 0.14140625 0.634375 0.26796875 0.103125
0 0.4640625 0.71015625 0.11171875 0.0875
0 0.890625 0.6875 0.2125 0.146875
0 0.65546875 0.54140625 0.19375 0.0359375
0 0.675 0.58203125 0.12734375 0.025
0 0.909375 0.45859375 0.09765625 0.0359375
0 0.71953125 0.34609375 0.05859375 0.03359375
0 0.54296875 0.384375 0.07578125 0.021875
0 0.60859375 0.36953125 0.05703125 0.01953125
0 0.43828125 0.34765625 0.06328125 0.01796875
0 0.503125 0.36171875 0.06484375 0.01796875
0 0.47421875 0.32890625 0.06640625 0.021875
0 0.38515625 0.32578125 0.05078125 0.02890625
0 0.3671875 0.365625 0.096875 0.021875
0 0.38828125 0.4296875 0.16484375 0.065625
0 0.084375 0.45546875 0.0625 0.021875
0 0.05859375 0.38828125 0.08671875 0.03203125
0 0.159375 0.32109375 0.06484375 0.0359375