0 0.51640625 0.85078125 0.128125 0.140625
0 0.47109375 0.67265625 0.1609375 0.13359375
0 0.35 0.54609375 0.09765625 0.1
0 0.3703125 0.453125 0.078125 0.053125
0 0.234375 0.390625 0.0984375 0.065625
0 0.15546875 0.3078125 0.07109375 0.04609375
0 0.21015625 0.2765625 0.06796875 0.0390625
0 0.26875 0.23046875 0.06328125 0.05
0 0.346875 0.28671875 0.07734375 0.034375
0 0.34921875 0.32890625 0.05859375 0.03203125
0 0.58515625 0.3796875 0.0828125 0.06796875
0 0.57890625 0.509375 0.07890625 0.07109375
0 0.48671875 0.4875 0.07421875 0.04140625
0 0.7140625 0.3875 0.06328125 0.05546875
0 0.7515625 0.24609375 0.065625 0.04453125
0 0.50703125 0.196875 0.10234375 0.034375
0 0.3984375 0.1359375 0.08203125 0.0359375
0 0.43984375 0.1140625 0.05234375 0.0359375
0 0.33515625 0.11328125 0.03984375 0.0234375
0 0.528125 0.0484375 0.0359375 0.03046875
0 0.58984375 0.09296875 0.06015625 0.03359375
0 0.7171875 0.153125 0.05859375 0.046875