0 0.26328125 0.4578125 0.28203125 0.07109375
0 0.28046875 0.56171875 0.18515625 0.090625
0 0.5015625 0.63671875 0.17890625 0.1484375
0 0.32734375 0.85078125 0.28828125 0.1234375
0 0.70703125 0.440625 0.09296875 0.0640625
0 0.86953125 0.28671875 0.171875 0.0765625
0 0.58125 0.278125 0.11796875 0.059375
0 0.39140625 0.2671875 0.14296875 0.0515625
0 0.38828125 0.18515625 0.09453125 0.04609375
0 0.76484375 0.1546875 0.07734375 0.01796875
0 0.77890625 0.1734375 0.10859375 0.01953125
0 0.8171875 0.19296875 0.09921875 0.03046875
0 0.834375 0.2328125 0.096875 0.0265625