0 0.46796875 0.57421875 0.11640625 0.09296875
0 0.49375 0.484375 0.17109375 0.10703125
0 0.4921875 0.36484375 0.16796875 0.0875
0 0.465625 0.1640625 0.109375 0.19453125
0 0.2671875 0.096875 0.0765625 0.10390625
0 0.246875 0.18125 0.07890625 0.03203125
0 0.21953125 0.22890625 0.078125 0.05
0 0.2546875 0.7421875 0.084375 0.084375
0 0.0890625 0.734375 0.075 0.140625
0 0.17734375 0.571875 0.09609375 0.1734375
0 0.05625 0.553125 0.07890625 0.1140625
0 0.12265625 0.18046875 0.04609375 0.0859375
0 0.503125 0.84921875 0.18046875 0.3015625