0 0.55078125 0.83359375 0.38671875 0.28046875
0 0.75546875 0.68125 0.07578125 0.090625
0 0.515625 0.53828125 0.14765625 0.0734375
0 0.3890625 0.628125 0.05390625 0.05546875
0 0.14375 0.5875 0.19609375 0.19453125
0 0.14375 0.7203125 0.14375 0.0984375
0 0.8 0.78125 0.0671875 0.059375
0 0.83203125 0.60859375 0.0671875 0.0640625
0 0.71875 0.51640625 0.06171875 0.0390625
0 0.803125 0.4875 0.07578125 0.06640625
0 0.70078125 0.44921875 0.1296875 0.0625
0 0.61953125 0.35546875 0.240625 0.06953125
0 0.39140625 0.321875 0.17421875 0.0484375
0 0.3484375 0.4140625 0.08125 0.0640625