0 0.41484375 0.40390625 0.07265625 0.06640625
0 0.69375 0.48203125 0.2546875 0.11953125
0 0.728125 0.61953125 0.2640625 0.14140625
0 0.1734375 0.52265625 0.34296875 0.10703125
0 0.0390625 0.453125 0.071875 0.034375
0 0.05625 0.38984375 0.0953125 0.03203125
0 0.23359375 0.3765625 0.15859375 0.03359375
0 0.22109375 0.346875 0.11015625 0.01796875
0 0.1921875 0.32265625 0.0953125 0.02890625
0 0.04609375 0.321875 0.07421875 0.021875
0 0.04765625 0.35546875 0.08515625 0.021875
0 0.35703125 0.86796875 0.66953125 0.26328125