0 0.5640625 0.821875 0.21328125 0.171875
0 0.56015625 0.496875 0.159375 0.1015625
0 0.64140625 0.40234375 0.12734375 0.05703125
0 0.65390625 0.33671875 0.09453125 0.03203125
0 0.5421875 0.375 0.1203125 0.04453125
0 0.5546875 0.3234375 0.053125 0.0359375
0 0.59375 0.30546875 0.06875 0.03046875
0 0.5578125 0.2859375 0.08046875 0.0359375
0 0.60546875 0.23671875 0.065625 0.02890625
0 0.66953125 0.234375 0.0375 0.01953125
0 0.4046875 0.38359375 0.09609375 0.0390625
0 0.3953125 0.4265625 0.11015625 0.046875
0 0.46875 0.3328125 0.05546875 0.04296875
0 0.35 0.35234375 0.07265625 0.04609375
0 0.30703125 0.38515625 0.065625 0.040625