0 0.565625 0.59921875 0.08203125 0.04609375
0 0.6765625 0.5890625 0.084375 0.046875
0 0.37578125 0.828125 0.153125 0.096875
0 0.484375 0.75703125 0.08125 0.0640625
0 0.8515625 0.80546875 0.0859375 0.05546875
0 0.26015625 0.6140625 0.11640625 0.078125
0 0.296875 0.51328125 0.06640625 0.07109375
0 0.4015625 0.48984375 0.1140625 0.059375
0 0.19453125 0.48359375 0.0546875 0.03046875
0 0.29765625 0.378125 0.03828125 0.0265625
0 0.26328125 0.4359375 0.03359375 0.021875
0 0.75703125 0.7515625 0.0890625 0.053125
0 0.4625 0.59921875 0.11796875 0.0625