0 0.11484375 0.83203125 0.13203125 0.15
0 0.20859375 0.896875 0.096875 0.11796875
0 0.34453125 0.8953125 0.1109375 0.1015625
0 0.390625 0.978125 0.11015625 0.04296875
0 0.484375 0.8875 0.096875 0.08359375
0 0.56796875 0.76328125 0.08984375 0.07890625
0 0.4328125 0.75 0.06953125 0.09140625
0 0.3328125 0.73203125 0.07578125 0.071875
0 0.35703125 0.5265625 0.06875 0.053125
0 0.421875 0.540625 0.03984375 0.028125
0 0.4640625 0.578125 0.05 0.053125
0 0.778125 0.721875 0.31796875 0.15546875
0 0.62890625 0.9546875 0.1390625 0.08984375