0 0.4046875 0.66484375 0.1390625 0.14296875
0 0.49609375 0.57578125 0.09140625 0.0765625
0 0.67265625 0.67265625 0.20859375 0.1125
0 0.6890625 0.85546875 0.2125 0.1859375
0 0.62265625 0.5265625 0.0484375 0.05
0 0.36328125 0.4328125 0.0625 0.059375
0 0.06171875 0.46328125 0.1109375 0.059375
0 0.40859375 0.278125 0.040625 0.028125
0 0.5265625 0.29921875 0.0671875 0.0484375
0 0.62578125 0.3703125 0.05390625 0.0625
0 0.671875 0.39140625 0.034375 0.0359375
0 0.6671875 0.3140625 0.1 0.046875
0 0.58515625 0.240625 0.0625 0.04140625
0 0.5515625 0.26171875 0.04375 0.03203125